0.00293350766449276
0.00293350755144255
0.00293350753236865
0.00293350762438818
0.00293350766001429
0.00293350758533706
0.0029335075956785
0.0029335077982868
0.00293350779687869
0.00293350766760377
0.00293350773394994
0.00293350759884312
0.00293350755991486
0.00293350773414518
0.00293350792203609
0.00293350771486241
0.00293350750002051
0.00293350779870859
0.00293350792246007
0.00293350779963579
0.00293350769577748
0.0029335075141076
0.00293350750499623
0.00293350781928324
0.00293350800966537
0.00293350778002351
0.00293350760303509
0.00293350754524636
0.00293350778429564
0.00293350791409977
0.00293350755074187
0.00293350774774841
0.00293350753636129
0.00293350725229214
0.00293350768247917
0.00293350776578653
0.00293350769617988
0.0029335076640884
0.00293350768707953
0.00293350782628584
0.00293350774220872
0.00293350789301407
0.0029335077089029
0.00293350769635472
0.00293350770334439
0.00293350747586755
0.00293350755394517
0.00293350790604463
0.0029335079618315
0.00293350767509981
0.0029335076895047
0.00293350770736567
0.00293350782494034
0.00293350776304927
0.0029335077033308
0.0029335076259836
0.00293350777082231
0.00293350793301596
0.00293350780321298
0.00293350766442979
0.00293350787001773
0.00293350784468183
0.00293350740569321
0.00293350751116473
0.00293350749832674
0.00293350766603546
0.0029335075795789
0.00293350769244354
0.00293350762490803
0.00293350757349631
0.0029335077246361
0.00293350749235965
0.00293350765245897
0.00293350768679086
0.00293350783511862
0.00293350769792375
0.00293350775238562
0.00293350768370006
0.00293350769518849
0.00293350783070668
0.00293350800819835
0.00293350804499323
0.00293350775250583
0.00293350768934438
0.00293350770752052
0.00293350768822405
0.00293350764864039
0.00293350766794116
0.00293350765018226
0.00293350780558897
0.00293350754487059
0.00293350740340773
0.00293350769283959
0.00293350757924029
0.00293350776686962
0.00293350762772165
0.00293350756707696
0.00293350756601023
0.00293350759880256
0.00293350774284117
0.00293350778463572
0.00293350770157501
0.00293350766826022
0.00293350767886835
0.0029335079819935
0.00293350780844765
0.00293350769105404
0.00293350776985851
0.00293350785311698
0.00293350780252491
0.00293350781366628
0.00293350771322887
0.00293350772608299
0.00293350783019798
0.00293350798787877
0.00293350793152235
0.0029335078464994
0.00293350771674247
0.00293350747422928
0.00293350799396136
0.00293350760399747
0.0029335077014441
0.00293350749306412
0.00293350768541707
0.00293350777148816
0.00293350760088551
0.00293350766483047
0.00293350766606602
0.00293350756390903
0.00293350776200679
0.00293350776198065
0.0029335077468956
0.00293350771348904
0.00293350758264462
0.0029335076132603
0.00293350767948436
0.00293350771839319
0.00293350771480027
0.00293350773165688
0.00293350783701504
0.00293350771810766
0.00293350785431038
0.00293350788480155
0.00293350795457331
0.00293350783695314
0.00293350777643201
0.0029335078003203
0.00293350773052705
0.00293350789434713
0.00293350784865127
0.00293350764477201
0.00293350741830098
0.00293350770635324
0.00293350777647851
0.0029335076830021
0.00293350784424715
0.00293350785472683
0.00293350751668122
0.00293350782212102
0.00293350751520564
0.00293350757070546
0.00293350762471736
0.00293350768416488
0.00293350764133206
0.00293350772793992
0.00293350782816593
0.00293350768070999
0.00293350777221252
0.00293350788131586
0.00293350781062658
0.00293350781396504
0.00293350775237781
0.00293350764250314
0.00293350773210246
0.00293350772914426
0.00293350770418658
0.00293350771505403
0.0029335075221842
0.00293350764723388
0.00293350766649673
0.00293350771889573
0.0029335080929616
0.00293350779047499
0.00293350784844693
0.00293350774128733
0.00293350786159393
0.00293350794656012
0.00293350776503803
0.00293350789294933
0.00293350766162554
0.00293350752367651
0.00293350757460383
0.00293350761578605
0.00293350769070613
0.00293350768169466
0.00293350760870171
0.00293350779527491
0.0029335074891578
0.00293350772302249
0.00293350779215358
0.00293350787794726
0.00293350776116103
0.00293350775729823
0.00293350772104081
0.00293350773650056
0.00293350780035662
0.00293350774202859
0.00293350767976231
0.00293350772558671
0.00293350784238382
0.00293350771489268
0.00293350783027458
0.00293350776686939
0.00293350797960866
0.00293350793838518
0.0029335078141745
0.00293350793269248
0.00293350753103037
0.00293350764101475
0.00293350780003177
0.00293350779575762
0.0029335078898421
0.00293350746263612
0.00293350765118923
0.00293350763002146
0.00293350780760171
0.00293350733205685
0.00293350746798364
0.00293350761997138
0.00293350748811621
0.00293350766422667
0.00293350771238175
0.00293350785339021
0.00293350765699814
0.00293350787284471
0.00293350785321804
0.00293350791827855
0.00293350778129751
0.00293350781815612
0.00293350785308096
0.0029335078123337
0.00293350790044205
0.00293350789052844
0.00293350789858274
0.00293350783449584
0.00293350784520974
0.0029335077347494
0.00293350767859033
0.00293350757173282
0.0029335077216982
0.00293350751708487
0.00293350762694509
0.00293350764162382
0.00293350769177713
0.00293350777109386
0.0029335075668421
0.00293350757431593
0.00293350764665381
0.00293350755978583
0.00293350794962639
0.00293350773479588
0.00293350781500503
0.00293350785365485
0.00293350795087858
0.00293350790375655
0.00293350780871593
0.00293350787690475
0.00293350786550227
0.00293350770105368
0.00293350782317447
0.00293350777987244
0.00293350770416191
0.00293350775385526
0.00293350773666941
0.00293350777692707
0.00293350777926911
0.00293350773845093
0.00293350780975723
0.00293350797630839
0.00293350771610867
0.00293350782923263
0.00293350776410367
0.00293350768641312
0.00293350761763017
0.00293350765583299
0.00293350758237924
0.0029335078590592
0.00293350777616705
0.00293350748971743
0.00293350790463853
0.00293350772646211
0.00293350783123269
0.00293350783929032
0.00293350787440198
0.0029335077516928
0.0029335077351113
0.00293350784474379
0.00293350769108534
0.00293350787280811
0.00293350773190992
0.00293350775112641
0.00293350774122566
0.00293350778752141
0.00293350786570717
0.002933507787825
0.0029335077421999
0.00293350772174469
0.00293350765178213
0.00293350780841764
0.00293350775439679
0.00293350786099819
0.00293350786048054
0.00293350770709838
0.0029335075837908
0.00293350780309574
0.00293350775893342
0.0029335073819982
0.0029335075487352
0.00293350775601948
0.00293350765761427
0.00293350771630954
0.00293350769748501
0.00293350787136394
0.00293350762325861
0.00293350781065083
0.00293350776896603
0.0029335076760769
0.00293350781335844
0.002933507882255
0.00293350793503605
0.00293350778870912
0.00293350777394002
0.00293350776396802
0.00293350775888024
0.0029335076952022
0.00293350759161506
0.00293350762912599
0.00293350765880123
0.00293350763826563
0.00293350766382445
0.00293350770657083
0.00293350779816028
0.00293350767214104
0.00293350809223613
0.00293350779921786
0.00293350764028146
0.00293350760021669
0.00293350793247903
0.00293350751913058
0.00293350743749624
0.00293350749130549
0.0029335078600249
0.00293350750788889
0.00293350774035862
0.00293350778064343
0.00293350771955573
0.00293350792129853
0.00293350775507944
0.00293350765241841
0.00293350780030002
0.0029335079216685
0.00293350782350068
0.00293350773764952
0.00293350770028583
0.00293350784681419
0.00293350771401907
0.0029335076608096
0.0029335076559243
0.00293350762859946
0.00293350762749988
0.00293350767620917
0.00293350770261328
0.00293350759569795
0.00293350769135285
0.00293350775785558
0.00293350779146109
0.00293350796878484
0.00293350747946474
0.002933507581118
0.00293350776466146
0.00293350771081569
0.00293350751297678
0.00293350749147203
0.00293350760256031
0.00293350759163738
0.00293350768894164
0.00293350772705441
0.0029335078249187
0.00293350770923706
0.00293350780154213
0.00293350770650691
0.00293350794533629
0.00293350773710525
0.00293350777475408
0.00293350776281069
0.00293350789929092
0.00293350768899433
0.0029335076633729
0.00293350765362483
0.0029335076623408
0.00293350765872881
0.00293350765862978
0.0029335076227754
0.0029335076239262
0.00293350768634499
0.00293350775361187
0.00293350784451279
0.00293350780331209
0.00293350772287696
0.00293350759382346
0.00293350760515195
0.00293350760101472
0.00293350747057618
0.00293350772464416
0.00293350764765086
0.00293350759586252
0.00293350757547621
0.00293350752290041
0.0029335076183018
0.00293350780334831
0.00293350794824994
0.00293350779285503
0.00293350780219727
0.00293350774042076
0.00293350776414671
0.00293350786812237
0.00293350775091416
0.00293350778774862
0.00293350768999976
0.00293350765894472
0.00293350765276342
0.00293350765404281
0.00293350766039232
0.00293350765319178
0.00293350765178829
0.00293350765635307
0.002933507625841
0.00293350772097369
0.00293350777937856
0.00293350793516317
0.00293350774601883
0.00293350757427869
0.00293350759056805
0.00293350758542376
0.00293350755917207
0.00293350772588734
0.00293350749514363
0.00293350769057285
0.00293350768851528
0.00293350731377114
0.00293350776079177
0.00293350785893825
0.00293350787605389
0.00293350782517168
0.00293350778623798
0.00293350777230513
0.00293350789377045
0.00293350776677118
0.0029335077647168
0.00293350768533596
0.00293350771896237
0.0029335076509958
0.00293350765174275
0.00293350765290956
0.00293350766450404
0.00293350765453551
0.00293350765562257
0.00293350765863452
0.00293350767670975
0.00293350768832671
0.0029335077478126
0.00293350786936132
0.00293350776213729
0.00293350776241322
0.00293350727025104
0.00293350767091071
0.00293350765167991
0.00293350782940516
0.00293350746339911
0.0029335076195158
0.00293350761885722
0.00293350752451308
0.00293350771450003
0.00293350780693673
0.00293350796500614
0.00293350785852038
0.00293350770617157
0.00293350781008166
0.00293350779622129
0.00293350789056021
0.00293350764765228
0.00293350770210339
0.00293350775090449
0.00293350766049086
0.00293350765176528
0.00293350765954425
0.00293350765875499
0.00293350766117138
0.00293350765742099
0.00293350765602722
0.00293350771703097
0.00293350764396462
0.00293350780507624
0.00293350790716401
0.00293350770534627
0.00293350734791645
0.00293350759488461
0.00293350765044503
0.00293350781788861
0.0029335077278287
0.00293350763477469
0.00293350751402555
0.00293350743581345
0.00293350762142477
0.00293350771758516
0.00293350777927196
0.00293350778572282
0.00293350775968307
0.00293350768856376
0.00293350775081153
0.00293350798573043
0.0029335079269827
0.00293350765455723
0.00293350760432119
0.0029335077724167
0.00293350776805944
0.0029335076862056
0.00293350765845143
0.0029335076579404
0.00293350765681221
0.00293350765703204
0.00293350770257913
0.00293350767235354
0.00293350768929908
0.00293350784067995
0.00293350784651555
0.00293350739216926
0.0029335075919689
0.00293350767501714
0.00293350758739558
0.00293350767196684
0.00293350780020955
0.00293350769852033
0.00293350758646758
0.002933507763359
0.00293350773012577
0.00293350768156436
0.00293350749444876
0.00293350783090779
0.00293350781464739
0.00293350759605583
0.00293350762286659
0.00293350779923411
0.00293350785144079
0.00293350766879494
0.00293350769184054
0.00293350770792416
0.00293350776469795
0.00293350774856423
0.00293350772276422
0.00293350772073464
0.00293350765775894
0.00293350767009297
0.00293350775006022
0.00293350772115423
0.00293350765592995
0.00293350776726745
0.00293350765743924
0.00293350738130226
0.00293350782017314
0.00293350766614093
0.00293350771019232
0.00293350749256194
0.00293350767297679
0.00293350762811109
0.00293350732746598
0.00293350779933652
0.00293350795964198
0.00293350775110566
0.00293350773617803
0.0029335074141272
0.00293350791775903
0.00293350765937618
0.00293350764503028
0.00293350787897975
0.00293350779290015
0.00293350767966081
0.0029335076767461
0.00293350771615811
0.00293350761766907
0.00293350771160483
0.00293350770077105
0.00293350765472212
0.00293350768658773
0.00293350778390813
0.00293350771038418
0.00293350765162852
0.0029335076919863
0.00293350747519421
0.00293350779396024
0.00293350747229337
0.00293350779297438
0.00293350781324793
0.0029335075036081
0.00293350765282134
0.0029335075029472
0.00293350753709233
0.00293350763312669
0.00293350775391339
0.00293350770025211
0.00293350775360428
0.00293350777035817
0.00293350768230368
0.00293350767989512
0.00293350782959916
0.00293350768633818
0.00293350764921289
0.00293350781126365
0.00293350775102971
0.00293350765981935
0.00293350767816482
0.00293350769367391
0.00293350765405076
0.00293350777208398
0.002933507797436
0.00293350778593344
0.00293350774329379
0.00293350769072368
0.0029335077143396
0.00293350751668122
0.00293350762936894
0.00293350755080981
0.00293350757893384
0.00293350775368871
0.00293350766100988
0.00293350763709513
0.00293350746472761
0.00293350768527098
0.00293350746093524
0.00293350759243439
0.00293350743576345
0.0029335077823774
0.00293350772329806
0.00293350773125845
0.00293350766379504
0.00293350760913049
0.00293350790576336
0.00293350785164949
0.00293350751252624
0.00293350772787903
0.00293350775679077
0.00293350771339702
0.00293350765235746
0.0029335077149051
0.00293350768200035
0.00293350767217994
0.00293350771894568
0.00293350784811876
0.00293350771785531
0.00293350766171791
0.00293350746474966
0.00293350773091505
0.00293350782538763
0.00293350761866512
0.00293350792965391
0.002933507664876
0.00293350751268466
0.00293350746842227
0.00293350750187318
0.00293350755747907
0.00293350748209872
0.00293350730883236
0.00293350745998329
0.00293350758560884
0.00293350771868774
0.0029335077232198
0.00293350766374136
0.00293350760688106
0.00293350786590448
0.00293350770800669
0.00293350774408577
0.00293350761788908
0.00293350778106984
0.00293350770662429
0.00293350768464299
0.00293350777638387
0.00293350769569874
0.00293350765189892
0.0029335076589146
0.00293350766026138
0.0029335077151432
0.0029335075358871
0.00293350773167775
0.00293350773975458
0.00293350763271263
0.0029335075850354
0.00293350753485405
0.00293350761890987
0.00293350756545576
0.0029335077530287
0.00293350764513439
0.00293350766764978
0.00293350763991719
0.00293350748742525
0.00293350749709596
0.00293350777923603
0.00293350749318528
0.00293350772249742
0.00293350764812517
0.00293350751268075
0.00293350773437469
0.00293350774285635
0.00293350760619544
0.00293350760460934
0.00293350775413646
0.00293350781051912
0.00293350777405395
0.00293350771561099
0.00293350767146341
0.00293350767925906
0.00293350768789271
0.00293350759945332
0.00293350746523743
0.00293350766045161
0.0029335077398057
0.00293350746417485
0.00293350752396975
0.0029335076730975
0.0029335074086726
0.00293350783282211
0.00293350766690559
0.002933507765884
0.00293350789638193
0.00293350765289332
0.00293350780901813
0.00293350727627665
0.00293350763997894
0.00293350777700799
0.00293350766625065
0.00293350768203047
0.00293350754274667
0.00293350756055137
0.00293350778576127
0.00293350751402127
0.00293350737258712
0.00293350762585725
0.00293350761382429
0.00293350760328506
0.00293350769490896
0.00293350773282938
0.0029335076504302
0.00293350769919728
0.00293350764033532
0.00293350744592703
0.00293350752724702
0.00293350750409391
0.00293350748420692
0.00293350752892608
0.00293350773313661
0.0029335072726966
0.00293350745284967
0.00293350778283998
0.00293350749964486
0.00293350770886899
0.00293350756996452
0.00293350751908332
0.00293350751970117
0.00293350737637252
0.002933507601386
0.00293350775488635
0.00293350799390065
0.00293350793453945
0.00293350761982897
0.00293350787588972
0.0029335079221855
0.00293350770258624
0.00293350778512723
0.00293350765118034
0.0029335076727855
0.00293350761430607
0.0029335076219123
0.00293350752048474
0.00293350763133615
0.00293350747269772
0.00293350723406514
0.00293350735159012
0.00293350736099207
0.00293350759996202
0.0029335076567113
0.00293350761324895
0.00293350757015051
0.00293350764586126
0.00293350754873529
0.00293350775486311
0.00293350767262046
0.00293350774843451
0.00293350769270204
0.00293350736867783
0.00293350743249022
0.00293350757484519
0.00293350762346991
0.00293350762070135
0.00293350770152283
0.00293350802673638
0.00293350758956191
0.00293350760770565
0.00293350771331899
0.00293350766449987
0.00293350764216353
0.00293350754771267
0.00293350770022322
0.00293350770847436
0.00293350768218652
0.0029335078236738
0.00293350777592165
0.00293350735054556
0.00293350746612612
0.0029335074859837
0.00293350759091308
0.00293350766985961
0.00293350740122589
0.00293350738936143
0.00293350760651038
0.00293350765933508
0.00293350756280625
0.00293350762261544
0.00293350755758407
0.00293350751026378
0.00293350755964413
0.00293350768681914
0.00293350739704056
0.00293350766958213
0.00293350787575027
0.00293350763929092
0.00293350728970546
0.00293350746593189
0.00293350779113025
0.00293350752309023
0.00293350764339864
0.00293350755527464
0.00293350750939957
0.00293350762929898
0.00293350751547096
0.00293350745468347
0.00293350763855116
0.0029335075862357
0.00293350735106328
0.00293350764493789
0.00293350762475909
0.00293350764862124
0.00293350760130006
0.00293350735804255
0.00293350730570533
0.00293350745828003
0.00293350760913713
0.00293350748779083
0.0029335075309546
0.00293350740519874
0.00293350694491773
0.0029335074893642
0.00293350756989699
0.00293350749563122
0.00293350747713572
0.00293350781708086
0.0029335079255016
0.00293350778890466
0.0029335077814047
0.0029335076065692
0.00293350788406002
0.00293350791283201
0.00293350779749806
0.00293350770968481
0.00293350768737124
0.00293350762718165
0.00293350764422584
0.00293350741822526
0.00293350753078403
0.00293350764348724
0.0029335076562331
0.00293350772063859
0.0029335077549058
0.00293350769180938
0.00293350780258835
0.00293350763444859
0.00293350761866655
0.00293350763928419
0.00293350754031932
0.00293350779281857
0.00293350749816512
0.00293350753652837
0.00293350747482367
0.00293350762281062
0.00293350786846388
0.00293350753941409
0.00293350731912317
0.00293350758226618
0.0029335080020778
0.00293350777295435
0.00293350753204706
0.00293350773006812
0.00293350789969358
0.00293350764114803
0.00293350794004738
0.00293350752747475
0.00293350777660175
0.00293350767467862
0.00293350760492357
0.00293350757452474
0.00293350727930852
0.00293350759241286
0.00293350786726576
0.0029335077645002
0.00293350761887035
0.00293350776468945
0.00293350765539496
0.00293350754066224
0.00293350766515063
0.00293350774896692
0.0029335075456015
0.00293350733683217
0.002933507655782
0.00293350769934583
0.00293350766023532
0.00293350773594087
0.00293350786313254
0.00293350743633358
0.0029335076685173
0.00293350790253424
0.00293350761192004
0.0029335081014084
0.00293350745304979
0.00293350760996148
0.00293350766594937
0.00293350767406392
0.00293350769943111
0.00293350772486401
0.00293350748684315
0.00293350757136365
0.00293350773746934
0.00293350755545962
0.00293350753565896
0.00293350739551706
0.00293350774195516
0.00293350767243465
0.0029335078535299
0.00293350780367464
0.00293350745967469
0.00293350763303965
0.0029335076721487
0.00293350753051883
0.00293350754878865
0.0029335079476743
0.00293350762060625
0.00293350738130096
0.00293350732373835
0.00293350747027446
0.00293350761227945
0.00293350767293129
0.00293350779227216
0.00293350758576382
0.00293350762574507
0.00293350769909672
0.00293350803022661
0.0029335075252421
0.00293350765038657
0.00293350763514821
0.00293350764013727
0.00293350753695976
0.00293350781203962
0.00293350758269229
0.00293350766716053
0.00293350768335742
0.00293350762515455
0.0029335075167647
0.00293350731024611
0.00293350772833764
0.00293350769961144
0.00293350763871963
0.0029335076495538
0.0029335075236222
0.00293350755306588
0.00293350774568515
0.00293350784774423
0.00293350762477854
0.00293350737077762
0.00293350723891794
0.00293350735159436
0.00293350741750704
0.00293350752311101
0.0029335077557681
0.0029335077543186
0.00293350779450214
0.00293350820080729
0.0029335075521316
0.0029335076894722
0.00293350776392162
0.00293350775779602
0.00293350771050347
0.00293350746449021
0.00293350780010775
0.00293350764718615
0.0029335074851916
0.00293350746218232
0.00293350763927971
0.00293350762232309
0.00293350752285725
0.00293350763517572
0.00293350755060787
0.00293350768043014
0.00293350733026869
0.00293350759244345
0.00293350769134132
0.0029335075385608
0.00293350741025681
0.00293350732038816
0.00293350714084193
0.00293350743043243
0.00293350733010268
0.00293350778851133
0.00293350756836935
0.00293350767358225
0.0029335074651188
0.0029335078306111
0.00293350839235877
