0.100252917495134
0.0858771359932799
0.0792058064520689
0.0744784180187238
0.0712943702351356
0.0686466918110035
0.0667323642309536
0.0650967445040524
0.0638180970856419
0.062877311591445
0.0619774156999515
0.0614656466229576
0.0609812342495123
0.0607344128666036
0.0604694202886101
0.0603782020640989
0.0603782304936991
0.0604694591546891
0.0607344283801186
0.0609812639491094
0.0614656608118506
0.0619773996877918
0.0628773269278862
0.0638181149438834
0.0650967594375169
0.0667323595348936
0.068646688762967
0.0712944006046636
0.0744784301192524
0.0792058038750503
0.0858771317650463
0.100252979591341
0.0858771160371966
0.0695801453572207
0.0625467781898851
0.0574800981679874
0.0543124125241772
0.0517821437008078
0.0498683206251987
0.0484911668936938
0.0471748175287241
0.0464958212562596
0.0457000159705444
0.0452381186261017
0.044866487139544
0.044590758276443
0.0444628368589915
0.044395991925764
0.0443960190363018
0.0444628636839012
0.0445907606841242
0.044866499482065
0.0452380917805497
0.0456999878067694
0.0464958179799466
0.047174830792808
0.048491169341139
0.0498683334676178
0.0517821775115558
0.054312436463643
0.0574800920619688
0.0625467449491888
0.0695801479990505
0.0858771874578937
0.0792057920976363
0.0625467453676581
0.054937531028609
0.0497196941988989
0.0465383341522084
0.043940224605221
0.0420111736638804
0.040653384440453
0.0393702694164413
0.0385388681261253
0.0377863757105681
0.0371867330583962
0.0370276278251869
0.0366375617676489
0.0365314197206536
0.03645432614364
0.0364543598343891
0.0365314290183987
0.0366375725611549
0.0370276523848102
0.0371866921194064
0.0377863708025657
0.038538900952188
0.0393702859151751
0.040653400070528
0.0420111704410464
0.0439402519843369
0.046538308588493
0.0497196610739273
0.0549375033783901
0.0625467715406876
0.0792058931485445
0.0744784348154011
0.0574800893648038
0.0497196679785421
0.0444638822259506
0.0411296378187322
0.0386130592238169
0.0367714120753378
0.0354848219432496
0.0343393337441238
0.0334599265740179
0.0328061702756086
0.0321626820966739
0.0318162755179482
0.0316544293753658
0.031390888109506
0.0313290634353577
0.0313290785515278
0.0313908875132754
0.0316544620078085
0.0318162606112309
0.032162659403626
0.0328061875851689
0.0334599501702743
0.0343393583074465
0.0354848451030553
0.0367714169981581
0.0386130784748214
0.041129623670655
0.0444638838486722
0.0497196831609704
0.0574801038622641
0.0744785302668334
0.0712943868800535
0.0543124201361222
0.0465383354458769
0.0411296288125254
0.0374742974342435
0.0350715602987139
0.0330845596359121
0.0316893185449825
0.0307795669228687
0.0298390691044145
0.0292629903489097
0.0287050944766727
0.0282287647681491
0.0280716873070735
0.027901839801078
0.0277843162764492
0.0277843072233634
0.0279018415246238
0.028071703321435
0.028228761472538
0.0287051081199922
0.0292629885591357
0.0298390707346631
0.0307795727785926
0.0316893197569752
0.0330845475649117
0.0350715489218198
0.0374742721455024
0.0411296208756704
0.0465383122312121
0.0543124598776712
0.0712944325370924
0.0686467146126608
0.0517821430023916
0.0439402174667467
0.038613056731263
0.035071551701666
0.0326140264690489
0.030630625809924
0.0290317958820728
0.0281000282428301
0.0272335952437816
0.0266644552476891
0.0261200210162469
0.0257829747820548
0.0254202445583691
0.0253875453422699
0.0252049673265671
0.0252049714487195
0.0253875602128453
0.0254202864781099
0.0257829829694519
0.0261200118539151
0.0266644440960137
0.0272335895297991
0.0281000316367637
0.0290317902785897
0.0306305977143617
0.0326140091087713
0.0350715297084883
0.0386130632317584
0.0439402182367195
0.05178213502522
0.0686467943858809
0.0667323728552919
0.0498683379198111
0.0420111552623807
0.0367713969877567
0.033084570799026
0.0306306258098614
0.0287330828283381
0.0273492612057484
0.0261068285760496
0.0253229487754575
0.0247483318321545
0.0242118398990939
0.0238134056240635
0.0236244222678854
0.0233609656271281
0.0233633667417867
0.0233633973570342
0.0233609735316573
0.0236244407618684
0.0238133989627537
0.0242118354470855
0.02474834520117
0.0253229229853539
0.0261068273702992
0.0273492808047698
0.0287330677229404
0.0306306436986111
0.0330845540377657
0.0367714255388507
0.042011145845212
0.0498683389707147
0.0667324666579672
0.0650967519465063
0.0484911713350155
0.0406533943080499
0.0354848138897287
0.031689315195084
0.0290318091879664
0.0273492587863497
0.0259104708798265
0.0247223267699429
0.0238319177572174
0.0232946069364894
0.0227853890039956
0.0223874058905267
0.0221336565774077
0.022005014179956
0.0218812429340058
0.0218812545070288
0.0220050069669959
0.0221336538847874
0.0223874161844874
0.0227854204632969
0.023294632175165
0.0238318943001153
0.024722360466348
0.0259104896090178
0.027349255443832
0.0290318140769497
0.0316893667953233
0.0354848383875413
0.0406533977539567
0.0484912254310284
0.0650968019888025
0.0638181101768888
0.0471748141082106
0.0393702819509529
0.03433934523128
0.0307795518139425
0.0281000285292469
0.0261068373823326
0.0247223495834859
0.0236785874170172
0.022872444985644
0.0220013023610155
0.0217716688578717
0.021302257266594
0.0210315542150373
0.0208790882915456
0.0207965395282062
0.0207965417613234
0.0208790695863022
0.0210315505368633
0.0213022698583788
0.0217716878340004
0.0220012908874952
0.0228724267207923
0.0236785974232001
0.0247223380179123
0.02610686429803
0.0281000396948043
0.0307795790676837
0.0343393232527068
0.0393703076423444
0.0471748757218825
0.063818165930693
0.0628773267664616
0.0464958267685185
0.0385388762953052
0.0334599475379459
0.0298390737885792
0.0272335839963091
0.0253229524104624
0.0238319259204027
0.022872449625784
0.0219967761841675
0.0212993831937139
0.0207848339379268
0.0204653124845527
0.0202286758564835
0.0200091855984578
0.0199620154064714
0.0199620271855638
0.0200091766167553
0.0202286425742551
0.0204653073678251
0.0207848247958656
0.0212993640702797
0.0219967651994034
0.0228724017923602
0.0238318852751069
0.0253229593607661
0.0272335773674377
0.0298390624730788
0.0334599495088363
0.0385389047837084
0.0464958684256449
0.0628773436334907
0.0619774106165855
0.0457000064545908
0.0377863643310783
0.0328061802680169
0.0292630004555813
0.0266644336662858
0.0247483356858104
0.0232946138782758
0.022001307891753
0.0212993877544149
0.0207341800569097
0.0202061562662582
0.0197721788644517
0.01954583639407
0.0194032123777595
0.0193003347017572
0.0193003485624483
0.0194032077069272
0.0195458298939661
0.0197722135877711
0.0202061390735873
0.0207341695625801
0.0212993542046637
0.0220013040121413
0.0232946516138728
0.0247483527981689
0.0266644720665099
0.0292630343248958
0.0328061939957429
0.0377863866584217
0.0457000334212131
0.0619774171603213
0.0614656370753401
0.0452381035586158
0.0371866920647907
0.0321626679914752
0.028705104685264
0.0261200106795638
0.0242118250075165
0.0227853873162125
0.0217716653351721
0.0207848390277296
0.0202061475456899
0.0195218216068644
0.0194308569713875
0.0190940562188947
0.0188468445064033
0.0188249388696362
0.0188249149856686
0.0188468571796389
0.0190940820499007
0.0194309100065075
0.0195218561118728
0.0202061217348554
0.0207848311496527
0.0217717204920604
0.022785389886308
0.0242118679827862
0.0261200918070393
0.0287051362034089
0.032162688503142
0.0371867203791659
0.0452381496913299
0.0614656647069297
0.0609812385865755
0.0448664997487493
0.0370276330805098
0.031816270910504
0.0282287696335213
0.0257829760660413
0.0238133784533326
0.0223873971935688
0.0213022542996427
0.0204653281444611
0.019772192101199
0.0194308746880137
0.0189165199121052
0.0186575492306484
0.0185289517293291
0.0184678489766412
0.0184678549932864
0.0185289829532703
0.0186575650370051
0.0189165458566323
0.0194308880394566
0.0197722015836219
0.0204653396740298
0.0213022739148897
0.0223874216996484
0.0238134350513558
0.0257829892797251
0.0282287694047947
0.0318162951325272
0.0370277057071818
0.0448665556344432
0.0609812400013768
0.0607344143394843
0.0445907541173889
0.0366375646067417
0.0316544439622756
0.0280716934001772
0.0254202700939856
0.0236244050363589
0.0221336449766933
0.0210315500027908
0.0202286656269568
0.0195458437996055
0.0190940582866681
0.0186575564813164
0.0184458251154739
0.0183313207476103
0.0181502317267862
0.0181502251476763
0.0183313402522413
0.0184458372177674
0.018657511173755
0.0190940673327571
0.0195459111169378
0.0202286872129288
0.0210315803133475
0.0221336775358871
0.0236244039706362
0.0254202843788091
0.0280717225484303
0.031654491071965
0.0366376233358599
0.0445907858150814
0.0607344166312448
0.0604694400008215
0.0444628293277687
0.0365314077110308
0.0313908767915686
0.0279018395292746
0.02538756117546
0.0233609912874779
0.0220049929587379
0.0208790896466007
0.0200091972124782
0.0194032244022223
0.0188468505799153
0.0185289395257624
0.0183312994977874
0.0180540837479401
0.0180522827577933
0.0180522643603099
0.0180540647665817
0.0183312998887913
0.0185289566688916
0.01884688230104
0.0194032260810887
0.0200092223007879
0.0208791098066217
0.0220050049390223
0.0233609936847705
0.025387551392189
0.0279018697789771
0.0313909228509466
0.0365314455056038
0.0444628470950355
0.060469419347071
0.0603782289857572
0.0443960089124713
0.0364543565362463
0.0313290775013026
0.0277843275911085
0.0252049694895393
0.0233634002564313
0.0218812633168996
0.0207965494610688
0.0199620232646483
0.0193003447655313
0.0188249302698433
0.0184678371138792
0.0181502197420301
0.0180522669738504
0.0179281817167556
0.0179281812867499
0.0180522377357828
0.0181502011132724
0.0184678936584659
0.0188249493289606
0.0193003662733518
0.0199620804991627
0.0207965673159977
0.0218812676959473
0.023363402408134
0.0252050211176823
0.0277843713374698
0.0313291497903236
0.0364544134767126
0.0443960329968647
0.060378214007582
0.0603782434557472
0.0443960215164085
0.0364543888810706
0.0313291135482266
0.0277843309250373
0.0252049745861474
0.0233634016126525
0.0218812619367253
0.0207965493383394
0.0199620319576008
0.0193003454046825
0.0188249108694547
0.0184678563003671
0.018150229506104
0.0180522610586341
0.0179281651763889
0.017928124304462
0.0180522265538099
0.0181502474518326
0.0184678450773107
0.0188249129775784
0.0193003744834096
0.0199620415845378
0.0207965534606223
0.0218812396459913
0.0233633812160163
0.025204993715126
0.0277843327657682
0.0313291024845109
0.0364543524099997
0.0443960074098252
0.0603781882575048
0.0604694618552553
0.0444628540261448
0.0365314320930258
0.0313909265212889
0.0279018681919455
0.0253875633490417
0.0233610029452768
0.0220050327128807
0.0208790784725564
0.0200092021468682
0.0194032117906483
0.0188468372812164
0.0185289715518914
0.0183313481616128
0.0180540542903191
0.0180522130819439
0.0180522314995228
0.018054080433827
0.0183313228215085
0.0185289264179681
0.0188467947273811
0.0194032095659198
0.0200092176661006
0.0208790900313327
0.0220049676733114
0.0233609377898846
0.0253875257855813
0.0279018582020217
0.0313908754156812
0.0365313694759474
0.04446280752894
0.0604694098904482
0.0607344316320524
0.0445907699872239
0.0366375788372523
0.0316544739432367
0.0280716963052028
0.025420280627362
0.0236244305708983
0.0221336688253794
0.0210315634717506
0.020228672350067
0.0195458416334687
0.0190940642810575
0.0186575655730046
0.0184458412584678
0.0183312975130251
0.0181502020312054
0.0181502481590935
0.0183313172451645
0.0184458193465478
0.0186575177875404
0.0190940724603807
0.019545862646647
0.0202286994500872
0.0210315732152839
0.0221336441006784
0.02362440196211
0.0254202766030009
0.0280717128684469
0.031654487865087
0.0366375623684605
0.0445907755640583
0.0607343995338552
0.0609812850710505
0.0448665088829982
0.037027661941284
0.0318162594909853
0.0282287463872483
0.025782989014772
0.0238133889004918
0.0223874283354154
0.0213022976339258
0.0204653248265767
0.0197722201581224
0.0194309188811787
0.0189165574278833
0.0186575178751889
0.0185289561164502
0.0184678985059277
0.0184678267114592
0.0185289198674182
0.0186575202842005
0.0189165369485745
0.0194309263698028
0.0197722050740454
0.0204653002018603
0.0213022465601899
0.0223873804517211
0.023813387678848
0.0257829968772797
0.0282288095974843
0.0318162715878083
0.0370276165392185
0.0448664796129425
0.0609811902570783
0.0614656421680591
0.0452381025462791
0.0371867264058598
0.032162703018957
0.0287051247977285
0.026120039108605
0.0242118474865924
0.0227853977977698
0.0217716897468194
0.0207848335296483
0.0202061195023425
0.0195218774886734
0.0194309024904808
0.0190940630371452
0.0188468854523215
0.0188249550260826
0.0188249045282828
0.0188467890968598
0.01909406620703
0.0194309059654689
0.0195218666757364
0.0202061336766294
0.0207848190639202
0.0217716335748808
0.0227853988680507
0.0242118659191675
0.0261200603313065
0.0287051227682349
0.0321626562767758
0.0371866818506275
0.0452380965653268
0.0614656218369087
0.0619774066535791
0.045699993583843
0.0377864061404019
0.0328062259178782
0.0292630234379059
0.0266644736875115
0.0247483881658959
0.0232946429120936
0.0220013148288203
0.0212993699961951
0.0207341799683522
0.0202061133936569
0.0197721959208248
0.0195458984256167
0.0194032230846213
0.0193003502330331
0.0193003762104781
0.0194032191435365
0.019545869888212
0.0197722004251394
0.0202061412556362
0.0207341421405415
0.0212993603474295
0.0220012548711915
0.0232946284919018
0.0247483720938172
0.0266644430432434
0.0292630014193457
0.0328061765856253
0.0377863588168948
0.0456999636976691
0.0619773562332444
0.0628772870055714
0.0464958189862378
0.038538888717362
0.0334599479145232
0.0298390665340658
0.0272335873866559
0.0253229404118323
0.0238319203599411
0.0228724416039965
0.0219967549498066
0.0212993731931842
0.0207848270506128
0.0204653186406627
0.0202286767686672
0.0200092332447736
0.0199620786064192
0.019962062360299
0.0200092307398155
0.0202286745311832
0.020465301162948
0.0207848326200687
0.0212993624935474
0.0219967667863952
0.0228724540286414
0.0238319220967683
0.0253229557775906
0.0272335775551434
0.0298390699956404
0.0334599646114487
0.0385388793412241
0.0464958111759002
0.0628772671646326
0.0638180883897962
0.0471748296010034
0.0393702803584392
0.0343393164444425
0.0307795708687301
0.0280999912943001
0.0261068246118067
0.0247223638020636
0.0236785902617432
0.0228724100358233
0.0220013182867085
0.0217717238420975
0.0213022754539068
0.0210315776258317
0.0208791138517543
0.0207965737272649
0.0207965660397141
0.0208791235618155
0.0210315450524976
0.0213022460117227
0.021771654084017
0.022001271201919
0.0228724318336662
0.0236786114481752
0.0247223842495035
0.0261068577878173
0.0281000402345104
0.0307795708946644
0.0343393243359434
0.0393702710040773
0.0471748160529024
0.063818065829767
0.0650967591328599
0.0484911918549961
0.0406534060537035
0.0354848292246393
0.031689314803967
0.0290317643982247
0.0273492417518175
0.0259104934162048
0.0247223353197071
0.0238318933405908
0.0232946840547978
0.0227854066844319
0.0223874382074772
0.0221337112609807
0.0220049963656929
0.0218812712599109
0.0218812629598903
0.0220050015229998
0.0221336576394263
0.0223873897124996
0.02278538233939
0.0232946145378033
0.0238318892592715
0.0247223608178816
0.0259104909895148
0.0273492627276858
0.029031832503312
0.031689355776923
0.0354848491443812
0.0406534100603267
0.0484911944108653
0.0650967150800165
0.0667323538793559
0.0498683227437905
0.0420111859001452
0.0367714364889244
0.0330845524431859
0.0306305841930796
0.0287330452694402
0.0273492530281159
0.0261068413826437
0.0253229461306478
0.0247483438342862
0.0242118612701474
0.0238134328671175
0.0236244092455238
0.0233609828183652
0.0233634270924223
0.0233634150897166
0.0233609635594742
0.0236243992792942
0.0238133986886435
0.0242118646359052
0.0247483588365886
0.0253229323694665
0.0261068489746507
0.0273492811952895
0.0287331339263204
0.0306307126094564
0.0330846299284416
0.0367714173219168
0.0420111918819745
0.0498683578401388
0.0667323261882908
0.0686467095977983
0.0517821526134617
0.0439402220075722
0.0386130691678386
0.0350715473273634
0.0326139935041325
0.0306306163574849
0.0290318257125109
0.0281000466148203
0.0272335794140419
0.0266644625921483
0.0261200809038413
0.0257830034252031
0.025420244599733
0.0253875457838109
0.0252049880171491
0.0252049742384426
0.0253875231948252
0.0254202626879162
0.0257830156546326
0.0261200856720354
0.0266644619125883
0.0272335811628031
0.0281000695225206
0.0290318498811073
0.030630721123957
0.0326140611993656
0.0350715670211793
0.0386130266600316
0.0439402107681337
0.0517821642783248
0.0686466594100719
0.0712944087336462
0.0543124232321561
0.0465383161144572
0.0411296157636194
0.0374742582837705
0.0350715487931233
0.0330845444850477
0.0316893353950142
0.0307795571202375
0.029839062302715
0.0292630360815137
0.0287051036855664
0.0282287540864489
0.028071718841566
0.0279018637137065
0.0277843673030389
0.0277843396955575
0.0279018414756612
0.028071711417614
0.0282288091514058
0.0287051283685432
0.0292630008030131
0.0298390774303167
0.0307795909415468
0.0316893387971939
0.0330845954400572
0.0350715617040822
0.0374742779553198
0.041129592354126
0.0465383122599913
0.054312414411792
0.0712943095398669
0.074478441905509
0.0574801009662054
0.0497196760907742
0.0444639034678207
0.0411296115081835
0.0386130407701551
0.0367714222531325
0.0354848329886804
0.0343393496058322
0.0334599548004138
0.032806169866924
0.0321626691414217
0.031816251150274
0.0316544564818801
0.031390887132948
0.0313291441660849
0.0313291074831547
0.0313908841695464
0.0316544560980716
0.0318162566377495
0.0321626316714845
0.0328061516498707
0.0334599615179081
0.0343393195752432
0.0354848117554731
0.0367714107936639
0.0386130469665179
0.0411296361521774
0.044463893807053
0.0497196547511032
0.0574801054055392
0.0744783846926582
0.0792058143568347
0.0625467851894915
0.0549375077948085
0.0497196885415306
0.0465383432667465
0.0439402470697564
0.0420111535540697
0.0406534136418035
0.0393703110873609
0.0385388718342511
0.03778638100379
0.0371867426873166
0.0370276906986712
0.0366375716377692
0.0365314240180955
0.0364543790302886
0.0364543302048296
0.036531376593062
0.0366375395258421
0.0370276018595656
0.0371866635508501
0.0377863332743744
0.0385388544176775
0.0393702786433426
0.0406533956064008
0.0420111754196198
0.0439402531240609
0.0465383379191521
0.049719653506602
0.0549374704262379
0.062546715954058
0.0792057053674867
0.0858771563194698
0.0695802003149915
0.0625468060920954
0.057480126595968
0.0543124553915966
0.051782127918342
0.0498683446604513
0.048491211993288
0.0471748782361471
0.046495856575323
0.0457000378574109
0.0452381489044432
0.0448665161799993
0.0445907943823676
0.0444628824776176
0.0443960590202592
0.0443960046276005
0.0444628151772
0.0445907575917294
0.0448664695383101
0.0452380972813782
0.0456999795102286
0.0464958075299196
0.0471748164159751
0.0484911737022758
0.0498683254928423
0.051782161801062
0.0543124459368456
0.0574801012474741
0.0625467327663265
0.0695802309412069
0.0858771390288632
0.100253013282401
0.0858772009933213
0.0792058805676063
0.0744785255888645
0.0712944363457839
0.0686467676896192
0.0667324159639918
0.0650967758860668
0.0638181490841206
0.0628773555037297
0.0619774257381843
0.0614656727063219
0.0609812617343472
0.0607344571380249
0.0604694467537642
0.0603782503427101
0.060378217514443
0.0604694070858504
0.0607343915146096
0.0609812092063994
0.0614656558433017
0.0619773624781135
0.062877266347317
0.0638180378901122
0.0650967027833636
0.0667323058112088
0.0686466556139554
0.0712943154203304
0.0744783740934228
0.0792057016478265
0.0858771530906448
0.100252848172472
