0.0232539939330786
0.0228332600377227
0.0225614956991013
0.0223430464217023
0.0221645958229017
0.022011008789537
0.0218817325551791
0.0217695465223478
0.0216739890994816
0.0215961281260747
0.0215266818645295
0.0214753770952179
0.0214335253878809
0.0214033312744015
0.0213818388873091
0.0213720408828465
0.0213720408139063
0.0213818400304598
0.0214033334554758
0.021433528443053
0.0214753785732613
0.0215266800625709
0.021596127782671
0.0216739904417752
0.0217695489265438
0.021881733921578
0.0220110093896694
0.0221645967854301
0.0223430483241719
0.0225614985029924
0.0228332600582835
0.0232539959118199
0.0228332591354303
0.0223377676945609
0.0220313148799114
0.0217808962372142
0.0215841792419453
0.0214174464260925
0.0212741197800246
0.0211572097116308
0.021050770309934
0.0209711228134316
0.0208979930452321
0.0208427108729424
0.0208002780400804
0.0207672591691801
0.0207469841555487
0.0207370251822804
0.020737026861857
0.020746986489609
0.0207672611756685
0.0208002791624746
0.0208427110663938
0.0208979928349017
0.0209711218945013
0.0210507705667701
0.0211572098731328
0.0212741222303559
0.0214174491630381
0.0215841805195755
0.0217808970418176
0.0220313151171281
0.0223377690653224
0.0228332610052982
0.0225614948056084
0.0220313134565202
0.0216904336220589
0.0214180237063143
0.0212087540062552
0.0210266116838822
0.0208736837091489
0.0207487790581868
0.0206357806858895
0.0205478079967711
0.0204697956953101
0.0204076052222181
0.0203662138855342
0.0203294687690392
0.0203078776013569
0.020296924107354
0.0202969267434791
0.0203078805508461
0.0203294701377426
0.0203662147782969
0.0204076039141369
0.0204697949040738
0.0205478094290107
0.0206357818740817
0.0207487812616913
0.0208736845449388
0.0210266130518722
0.021208752171464
0.0214180227500062
0.0216904330816614
0.0220313155637383
0.0225614989328668
0.0223430466011193
0.021780894575181
0.0214180221130705
0.0211323080923894
0.0209061094688116
0.0207136854246539
0.020556298889265
0.0204240160274605
0.0203088535144496
0.0202138244041514
0.0201348230143401
0.0200673252819989
0.0200196634945872
0.0199853371441205
0.0199597104930802
0.0199480570700363
0.0199480578643776
0.0199597108286197
0.0199853401036277
0.0200196638483895
0.0200673252033374
0.0201348241934596
0.0202138235906064
0.020308854904159
0.0204240169121867
0.0205562996411028
0.0207136850438605
0.0209061086179454
0.0211323084651674
0.0214180230196919
0.0217808963001589
0.0223430502732478
0.0221645958378461
0.021584180044053
0.0212087550436642
0.0209061088454152
0.0206612395113578
0.0204641698600432
0.0202958125631403
0.0201528313291492
0.020039652387004
0.0199371719489123
0.0198577738196116
0.0197883559466766
0.0197352460395956
0.019699534393004
0.0196744519186003
0.0196611657895849
0.0196611647936353
0.0196744515380266
0.0196995351060692
0.0197352463573789
0.0197883570821789
0.0198577748418051
0.0199371720416154
0.0200396511306793
0.0201528320511961
0.0202958136029262
0.020464170323536
0.0206612397904538
0.0209061096394246
0.0212087530323053
0.0215841822719643
0.0221645968531293
0.022011009584366
0.0214174462682227
0.0210266122501015
0.0207136849143199
0.0204641704791059
0.0202596502589119
0.0200819442865262
0.0199310180271163
0.0198122674721106
0.0197062007226236
0.0196250437065768
0.0195530269883242
0.0194999932167368
0.0194591038161797
0.0194353467886455
0.0194204898146329
0.0194204900765466
0.0194353461654313
0.0194591052534004
0.0194999939150926
0.0195530266503889
0.0196250454063325
0.0197062007729803
0.0198122677891723
0.0199310180323817
0.0200819447741571
0.0202596507835382
0.0204641704294825
0.0207136873308547
0.0210266129400494
0.0214174457377025
0.0220110124452003
0.0218817330314139
0.0212741207393272
0.0208736829049579
0.0205562979495251
0.0202958142318948
0.0200819431166233
0.0199004745146711
0.0197516865510165
0.0196201318636208
0.0195130501812902
0.0194282390959519
0.0193546936696374
0.0192983567006356
0.0192592768620504
0.0192303978741045
0.0192185033386066
0.0192185048577717
0.0192303987991351
0.0192592772238816
0.0192983571395886
0.0193546940077179
0.0194282414085641
0.0195130507025991
0.0196201318910327
0.019751688583612
0.0199004731725058
0.0200819452370802
0.0202958143192997
0.0205563009917692
0.0208736847755488
0.021274119872203
0.0218817368018077
0.021769545752033
0.021157210041548
0.020748778665802
0.0204240145041069
0.0201528309221789
0.0199310168022894
0.0197516857246596
0.0195950803604475
0.0194593578174511
0.0193506540557216
0.0192609692328527
0.0191875814784251
0.0191287698560177
0.0190875906640873
0.0190603414415984
0.0190456798424537
0.019045680096104
0.0190603416635623
0.0190875912557937
0.0191287703374716
0.019187582939626
0.0192609703833704
0.0193506539359359
0.0194593585880383
0.0195950806714722
0.019751686581166
0.0199310178600382
0.0201528335807145
0.0204240173814621
0.0207487820708347
0.0211572125667967
0.0217695474984046
0.0216739881850929
0.0210507698368694
0.020635780754831
0.0203088539273292
0.0200396520638136
0.0198122671535743
0.0196201322145805
0.0194593593683083
0.0193271840898694
0.0192161403634215
0.0191159203537763
0.0190484937029348
0.0189858516033843
0.0189433226112273
0.0189148642352821
0.0189007163000718
0.0189007167166114
0.0189148630644238
0.0189433221157078
0.0189858528361991
0.0190484939228278
0.0191159198204215
0.0192161411505765
0.0193271838306456
0.0194593586588432
0.0196201333306108
0.0198122674951469
0.0200396530525264
0.0203088520588489
0.0206357829424414
0.0210507742500023
0.0216739920766156
0.0215961275647033
0.0209711232433003
0.0205478087877903
0.0202138255497149
0.0199371731010847
0.0197062007937882
0.0195130503452552
0.0193506548987902
0.0192161408326856
0.0190988991610984
0.0190020729291868
0.0189271005235987
0.0188659532908231
0.0188233825591848
0.0187929008778779
0.0187791134933401
0.0187791134044747
0.0187929000704691
0.0188233810728162
0.0188659525580321
0.0189271008243391
0.0190020716992555
0.0190989001738752
0.019216139613534
0.0193506537875466
0.0195130501787558
0.0197062008244902
0.0199371729841698
0.0202138236643004
0.020547809613004
0.0209711245564973
0.0215961299044531
0.0215266814855153
0.0208979926800739
0.0204697957042773
0.0201348230877672
0.0198577748151254
0.019625042690698
0.0194282387765356
0.0192609691623269
0.0191159206272697
0.019002073564798
0.0189098419142295
0.0188291439354602
0.0187663181791064
0.0187224990242691
0.0186933251066829
0.0186782258773337
0.0186782265648567
0.0186933246456125
0.0187224980638211
0.0187663192096188
0.0188291431833844
0.0189098417960683
0.0190020710713828
0.0191159225665457
0.0192609714174805
0.0194282401509178
0.0196250440527305
0.0198577780378322
0.0201348240237178
0.0204697946947814
0.0208979930492311
0.0215266832733821
0.0214753761380941
0.0208427105398513
0.0204076042596831
0.0200673244515872
0.0197883569227307
0.0195530266118833
0.0193546926923654
0.0191875811327439
0.0190484939404984
0.0189271013327957
0.0188291434138164
0.0187439159600984
0.0186908544139068
0.0186423406495661
0.0186107707134889
0.0185970721411431
0.0185970709601525
0.018610771128611
0.0186423417164905
0.0186908560816332
0.0187439170977531
0.0188291426554589
0.0189271013874452
0.0190484962193515
0.019187583307724
0.0193546943739735
0.0195530298234866
0.0197883584546383
0.0200673264527463
0.0204076047085723
0.020842711431256
0.0214753785683005
0.0214335257686568
0.0208002786066245
0.0203662141258775
0.0200196632695634
0.0197352463185088
0.0194999943698499
0.0192983555362054
0.0191287697700998
0.0189858518427254
0.0188659541385161
0.0187663188024904
0.0186908555178462
0.0186248181502341
0.018576484427085
0.0185487474879975
0.0185336216813542
0.0185336219732953
0.0185487489916468
0.0185764851556057
0.0186248191824113
0.0186908552843015
0.0187663198071267
0.0188659557446238
0.0189858539845388
0.0191287703324516
0.0192983581814414
0.0194999947496181
0.0197352468769707
0.0200196632378571
0.0203662180244065
0.0208002812557573
0.0214335266915783
0.0214033303307043
0.0207672594863028
0.0203294687774201
0.0199853380171782
0.0196995355043363
0.0194591054639024
0.0192592763914624
0.0190875900390091
0.0189433221855291
0.0188233831004929
0.0187224994034728
0.0186423413060579
0.0185764849042864
0.0185325738303328
0.0185034084572966
0.0184851977401954
0.0184851974981363
0.0185034094020951
0.0185325745253617
0.018576483225531
0.0186423412584823
0.0187225024998322
0.0188233841129186
0.0189433253710978
0.019087592175553
0.0192592760068086
0.0194591059765296
0.0196995355198178
0.0199853394921717
0.0203294726679592
0.0207672611501165
0.0214033319235101
0.0213818383142643
0.0207469825928297
0.0203078778405434
0.0199597106737863
0.0196744522348053
0.0194353484624674
0.0192303994743917
0.0190603406167234
0.0189148652010983
0.0187929014136728
0.0186933262193502
0.0186107711954041
0.0185487474283022
0.0185034075382569
0.0184687648386583
0.0184562047895073
0.0184562041134668
0.0184687640971459
0.0185034079035304
0.0185487481091167
0.0186107727626517
0.0186933262801788
0.0187929029248541
0.0189148664285209
0.0190603418336482
0.0192304003323417
0.0194353456370557
0.0196744530958053
0.0199597120168323
0.0203078805769357
0.0207469848536272
0.0213818376494155
0.0213720415989141
0.0207370238866755
0.0202969250085061
0.0199480587233417
0.0196611667700769
0.0194204914659539
0.0192185052902549
0.0190456808216159
0.0189007176405731
0.0187791142539308
0.0186782268224142
0.0185970721378194
0.0185336217445777
0.0184851972667998
0.0184562041207339
0.0184400182483159
0.0184400181318039
0.0184562030371187
0.018485196663842
0.0185336236409396
0.0185970732774982
0.0186782280867919
0.0187791164561281
0.0189007195610163
0.0190456809326831
0.0192185038640966
0.0194204927215699
0.0196611672563528
0.0199480623164681
0.0202969279343526
0.0207370259958092
0.0213720409988034
0.0213720411517436
0.0207370252410254
0.0202969265249803
0.0199480601699478
0.0196611660066604
0.0194204911263807
0.0192185052964604
0.0190456803979179
0.0189007188458102
0.0187791147839397
0.0186782268211011
0.0185970707355047
0.0185336227350376
0.0184851983579688
0.0184562041107281
0.018440017454999
0.0184400157654332
0.0184562024258308
0.0184851982281807
0.0185336218723664
0.0185970712884935
0.0186782284802131
0.0187791149374883
0.0189007183256002
0.0190456774199562
0.0192185041597005
0.0194204915620872
0.0196611649179506
0.0199480590350485
0.0202969256126834
0.0207370250347848
0.0213720403457849
0.0213818401242418
0.0207469869168269
0.0203078788356268
0.0199597107166211
0.0196744534346113
0.0194353488450819
0.019230398982382
0.0190603414173027
0.0189148643427683
0.0187929021990983
0.0186933250969725
0.018610770815216
0.0185487488737087
0.0185034104498482
0.0184687642401682
0.0184562023670784
0.018456203012099
0.0184687644090573
0.0185034085145206
0.0185487470868476
0.0186107693491267
0.0186933249910539
0.018792902327236
0.0189148637303094
0.0190603371191874
0.0192303976265064
0.0194353460593566
0.0196744520358921
0.0199597082407259
0.0203078760574243
0.0207469839513004
0.0213818351330557
0.0214033329881762
0.0207672636561847
0.0203294707719592
0.0199853393358863
0.0196995327593854
0.0194591071494808
0.0192592769220333
0.0190875906650451
0.0189433237281603
0.0188233831634822
0.0187224991139482
0.0186423411806504
0.0185764858489754
0.0185325745706686
0.0185034081745241
0.0184851970037338
0.0184851982456381
0.0185034083789472
0.0185325744871293
0.0185764836889497
0.0186423412728389
0.01872249997568
0.0188233821369509
0.0189433234435026
0.0190875884151185
0.019259276422847
0.0194591061097375
0.0196995338453788
0.0199853388571251
0.0203294683994463
0.0207672606668976
0.0214033308049401
0.0214335291065976
0.0208002797598929
0.0203662158848686
0.0200196630556089
0.019735245884207
0.0194999945796841
0.0192983571954046
0.0191287698593425
0.0189858534875514
0.0188659546640668
0.0187663202741255
0.0186908563311607
0.0186248201796646
0.0185764838808542
0.0185487481447785
0.0185336245817131
0.0185336217288103
0.0185487470171688
0.0185764839898105
0.0186248191843369
0.0186908566900586
0.0187663179756309
0.0188659523764547
0.0189858505113823
0.0191287671210849
0.0192983564516525
0.0194999946422753
0.0197352476434123
0.0200196612722841
0.0203662135055658
0.0208002764138567
0.0214335245654594
0.0214753762631798
0.0208427114364214
0.0204076056269729
0.0200673264599567
0.01978835673125
0.0195530273974662
0.0193546958351981
0.0191875825094964
0.0190484928388172
0.0189271009486258
0.018829142912613
0.0187439188141523
0.0186908557539167
0.0186423417024059
0.0186107730217228
0.0185970732874256
0.0185970712891768
0.0186107699464117
0.0186423414343268
0.0186908555010294
0.0187439165896203
0.0188291429710189
0.0189271008133442
0.0190484911529679
0.0191875827402484
0.0193546947087981
0.0195530273962418
0.0197883549378675
0.02006732306671
0.020407602701457
0.0208427087701326
0.021475374951884
0.0215266801834021
0.0208979922063889
0.020469796821062
0.0201348260881644
0.0198577753996037
0.0196250437189498
0.019428242638008
0.0192609702904424
0.0191159206410821
0.0190020712907039
0.0189098422517746
0.0188291425132438
0.0187663191529634
0.0187225022605798
0.0186933262233855
0.0186782275764866
0.018678228448509
0.0186933255100251
0.0187225004276132
0.0187663179771861
0.01882914337067
0.0189098402953653
0.0190020708545001
0.0191159171794799
0.0192609683797388
0.0194282402557109
0.0196250419916087
0.0198577747311011
0.0201348234826058
0.0204697942330848
0.0208979908946455
0.0215266786075544
0.021596126718443
0.0209711227996978
0.0205478082101795
0.0202138253107185
0.0199371720947015
0.0197061990534389
0.0195130501554961
0.019350655161498
0.019216139501457
0.0190988982247024
0.019002072435236
0.0189271015760745
0.018865954465465
0.0188233832723566
0.0187929029066166
0.0187791157030292
0.0187791149541212
0.0187929019632507
0.0188233811769926
0.0188659526408294
0.018927100864674
0.0190020699910076
0.0190988981403456
0.0192161405621643
0.0193506533116745
0.0195130515645579
0.0197061995792287
0.0199371727788982
0.0202138267050824
0.0205478084332954
0.0209711219525012
0.0215961244245586
0.0216739883774021
0.0210507718532528
0.0206357820473516
0.0203088516903824
0.020039652025494
0.0198122645390368
0.0196201316229549
0.0194593577259765
0.0193271814799747
0.0192161384375511
0.0191159201067094
0.0190484951368139
0.0189858533360218
0.0189433239895055
0.0189148652234986
0.0189007186873801
0.018900717821478
0.0189148639761133
0.0189433207447072
0.0189858501906222
0.0190484911275117
0.0191159174184538
0.0192161399855149
0.0193271819230494
0.0194593583391527
0.0196201332679569
0.0198122660062127
0.0200396528872417
0.0203088507453546
0.0206357802853899
0.0210507688829383
0.021673985552334
0.0217695463165939
0.0211572106873295
0.0207487838470999
0.0204240187040788
0.0201528313793271
0.0199310181379396
0.0197516872249058
0.0195950817972847
0.0194593584063015
0.0193506537792195
0.0192609719825323
0.0191875817503353
0.0191287703324436
0.0190875920027357
0.0190603405811833
0.0190456796223563
0.0190456775029527
0.0190603384856895
0.0190875882270321
0.0191287675792129
0.0191875804256546
0.0192609683281143
0.0193506529292887
0.0194593585336956
0.0195950808752887
0.019751687260965
0.019931019463787
0.0201528335555838
0.0204240174361576
0.0207487797970786
0.0211572079008861
0.0217695444548139
0.0218817329257858
0.0212741199061437
0.0208736844870905
0.0205563026658652
0.0202958125857204
0.0200819426376644
0.0199004735144949
0.0197516861940994
0.0196201318869529
0.0195130496957269
0.0194282403670485
0.0193546955850803
0.0192983585356068
0.0192592777090424
0.0192303998611363
0.0192185048160754
0.0192185047004344
0.019230396652655
0.0192592750992327
0.0192983563786434
0.0193546929853034
0.0194282382678512
0.0195130490579157
0.0196201319100777
0.0197516866917206
0.019900476674896
0.0200819472453944
0.020295814844797
0.0205562987799501
0.0208736843105467
0.0212741189182448
0.0218817323355696
0.0220110121499053
0.021417447330264
0.0210266103871036
0.0207136846704567
0.0204641710987186
0.0202596473833849
0.0200819442403918
0.0199310185657896
0.0198122665842431
0.0197061997452615
0.0196250431119254
0.0195530285881746
0.0194999955354099
0.0194591043444981
0.0194353458270511
0.0194204916261546
0.0194204906158486
0.019435345959537
0.0194591041354681
0.0194999933062539
0.0195530269725089
0.0196250420592604
0.019706199190843
0.0198122668497571
0.0199310191246844
0.0200819466048433
0.0202596461399966
0.0204641699456073
0.0207136836925061
0.0210266106807675
0.0214174459155007
0.0220110100056649
0.0221645997755485
0.0215841809609949
0.0212087550736166
0.0209061079548088
0.0206612397608567
0.0204641722249884
0.0202958139538433
0.0201528329906197
0.0200396527706062
0.0199371721330862
0.019857776111186
0.0197883547927667
0.0197352456260179
0.0196995355009698
0.0196744526530054
0.0196611675336771
0.0196611663338276
0.0196744512504607
0.0196995354125182
0.019735247541871
0.019788356025161
0.0198577739332878
0.0199371714321483
0.0200396539807
0.02015283127731
0.0202958137827351
0.0204641698833099
0.0206612386732292
0.0209061084989325
0.0212087524547058
0.0215841765469073
0.0221645936779467
0.0223430505365066
0.0217808970190189
0.0214180224105762
0.0211323090660985
0.0209061097554565
0.0207136848355783
0.0205563017828246
0.020424016355674
0.0203088537761168
0.0202138257828342
0.0201348235557292
0.0200673247144819
0.0200196602113606
0.0199853382302219
0.0199597119789175
0.0199480617963092
0.0199480589453109
0.0199597103513498
0.0199853376941017
0.020019661205367
0.0200673230787146
0.0201348228742521
0.0202138241773397
0.0203088489639045
0.0204240158393694
0.0205562993442588
0.0207136849838407
0.0209061091265966
0.0211323089906336
0.0214180201092421
0.0217808953320541
0.0223430476319044
0.0225614970055132
0.0220313186309104
0.021690432579681
0.0214180232935059
0.0212087552780034
0.0210266139797727
0.0208736836001531
0.0207487827420195
0.020635782309146
0.0205478084421241
0.0204697963249684
0.0204076057002864
0.0203662158904022
0.0203294683226026
0.020307879133204
0.0202969263073149
0.0202969251878718
0.0203078771576029
0.0203294671615444
0.0203662125546921
0.0204076026625111
0.0204697922015054
0.0205478067450815
0.0206357831922933
0.0207487805759729
0.0208736813888163
0.0210266109799534
0.0212087531338616
0.0214180213551118
0.0216904318128855
0.0220313130907963
0.0225614932395173
0.0228332614974251
0.0223377730423226
0.022031318812616
0.0217808961879067
0.0215841810254532
0.021417446214814
0.0212741210220371
0.0211572101849592
0.0210507736738757
0.0209711227046644
0.0208979943528656
0.0208427126010398
0.0208002795076404
0.0207672615190351
0.0207469851022135
0.0207370274809086
0.0207370247909061
0.0207469841818712
0.0207672604857785
0.0208002763687823
0.0208427091099708
0.0208979919260381
0.020971121834763
0.0210507694342215
0.0211572065214206
0.0212741165291004
0.0214174447175129
0.021584178429994
0.0217808943467769
0.0220313133983789
0.0223377732589249
0.0228332611060188
0.0232540005145178
0.0228332619119582
0.0225614990776188
0.0223430510554185
0.0221645987045527
0.0220110124468587
0.02188173367924
0.02176954806867
0.0216739905400068
0.0215961290321223
0.0215266807876107
0.0214753786901302
0.0214335272859292
0.021403332123623
0.0213818386086457
0.0213720424472274
0.021372041804999
0.0213818349098328
0.0214033299245072
0.0214335256426336
0.0214753773759841
0.0215266779875352
0.0215961243826785
0.0216739826957768
0.0217695426411219
0.0218817289569392
0.0220110092582305
0.022164593870944
0.0223430455813791
0.0225614917833327
0.0228332616859686
0.0232539971469075
